[gd_scene load_steps=4 format=3 uid="uid://b00jxdscyoi17"]

[ext_resource type="PackedScene" uid="uid://cid6u3cmr5qux" path="res://fish.tscn" id="1_jg4l2"]
[ext_resource type="PackedScene" uid="uid://bnatb4jcs3ap3" path="res://FelixMapp_KOLLA_INTE/FishTankOverride.tscn" id="2_2woat"]
[ext_resource type="PackedScene" uid="uid://cloeas1uwl58f" path="res://Scenes/goal.tscn" id="5_4w3am"]

[node name="Level" type="Node3D"]

[node name="Fish" parent="." instance=ExtResource("1_jg4l2")]
transform = Transform3D(1, 0, 0, 0, 1, 0, 0, 0, 1, -69.5992, 19.5935, 166.785)

[node name="fioshtank" parent="." instance=ExtResource("2_2woat")]
transform = Transform3D(30, 0, 0, 0, 7.32, 0, 0, 0, 24, 0, 0, 0)

[node name="Goal1" parent="." instance=ExtResource("5_4w3am")]
transform = Transform3D(1, 0, 0, 0, 1, 0, 0, 0, 1, -58.1747, 17.5524, -39.0293)
goal_text = "1"

[node name="Goal2" parent="." instance=ExtResource("5_4w3am")]
transform = Transform3D(0.808021, 0, 0.589154, 0, 1, 0, -0.589154, 0, 0.808021, -58.1747, 17.5524, -317.59)
goal_text = "2"

[node name="Goal3" parent="." instance=ExtResource("5_4w3am")]
transform = Transform3D(0.533231, 0, 0.84597, 0, 1, 0, -0.84597, 0, 0.533231, -179.944, 17.5524, -366.524)
goal_text = "3"

[node name="Goal4" parent="." instance=ExtResource("5_4w3am")]
transform = Transform3D(-0.938071, 0, 0.346444, 0, 1, 0, -0.346444, 0, -0.938071, -306.174, 17.5524, -270.293)
goal_text = "4"
