[gd_scene load_steps=15 format=3 uid="uid://b00jxdscyoi17"]

[ext_resource type="PackedScene" uid="uid://bnatb4jcs3ap3" path="res://FelixMapp_KOLLA_INTE/FishTankOverride.tscn" id="2_2woat"]
[ext_resource type="PackedScene" uid="uid://dqug5t7l2hkkc" path="res://Scenes/goal_manager.tscn" id="5_dmtqs"]
[ext_resource type="PackedScene" uid="uid://cphyf0ajdc0xd" path="res://ring_goal.tscn" id="6_ymofm"]
[ext_resource type="PackedScene" uid="uid://bdhs2mrrbj5nh" path="res://Models/castle_REAL.tscn" id="7_yb2j5"]
[ext_resource type="PackedScene" uid="uid://dxby10rew758j" path="res://Models/chest_REAL.tscn" id="8_frfar"]
[ext_resource type="PackedScene" uid="uid://lrvi0rtejd1x" path="res://Models/log.glb" id="9_khq5j"]
[ext_resource type="PackedScene" uid="uid://cu6n7q2mcga41" path="res://Scenes/Doodads/plant.tscn" id="9_sgmh7"]
[ext_resource type="PackedScene" uid="uid://dxb08fldpmtet" path="res://FelixMapp_KOLLA_INTE/BubbleEmitter.tscn" id="10_3y3se"]
[ext_resource type="PackedScene" uid="uid://b5hm5ipyuhpva" path="res://Models/rocktower_REAL.tscn" id="11_niev3"]
[ext_resource type="PackedScene" uid="uid://bx3u5nno171w1" path="res://Scenes/multiplayer_template.tscn" id="12_6fobl"]
[ext_resource type="PackedScene" uid="uid://cjehvbmtgyhv6" path="res://Models/table.glb" id="12_abpjc"]
[ext_resource type="PackedScene" uid="uid://crktuihi3bysu" path="res://Models/ship_REAL.tscn" id="13_day6h"]
[ext_resource type="PackedScene" uid="uid://cjylhaki4plr5" path="res://Models/room.glb" id="13_injma"]

[sub_resource type="Environment" id="Environment_rgnh6"]
fog_enabled = true
fog_light_color = Color(0, 0.309804, 0.894118, 1)
fog_density = 0.001

[node name="Level" type="Node3D"]

[node name="Background" type="Node3D" parent="."]

[node name="table" parent="Background" instance=ExtResource("12_abpjc")]
transform = Transform3D(28.402, 0, 0, 0, 21.059, 0, 0, 0, 21.059, 24.1651, 56.3575, -11.1853)

[node name="room" parent="Background" instance=ExtResource("13_injma")]
transform = Transform3D(11.9104, 0, 0, 0, 11.9104, 0, 0, 0, 11.9104, -205.139, -174.875, 1084.14)

[node name="Collidables" type="Node3D" parent="."]

[node name="fioshtank" parent="Collidables" instance=ExtResource("2_2woat")]
transform = Transform3D(48.401, 0, 0, 0, 11.81, 0, 0, 0, 38.721, 0, 7.81861, 0)

[node name="chest" parent="Collidables" instance=ExtResource("8_frfar")]
transform = Transform3D(9.27412, 0.984785, 5.89849, -0.830956, 10.991, -0.528501, -5.92211, -1.23326e-07, 9.31127, 203.249, 12.6501, 44.0084)

[node name="rocktower" parent="Collidables" instance=ExtResource("11_niev3")]
transform = Transform3D(2.48728, 0, -10.2938, 0, 10.59, 0, 10.2938, 0, 2.48728, 248.457, 20.3259, 78.6126)

[node name="rocktower2" parent="Collidables" instance=ExtResource("11_niev3")]
transform = Transform3D(-10.4518, 0, -1.70536, 0, 10.59, 0, 1.70536, 0, -10.4518, -304.542, 20.3259, -91.9813)

[node name="castle" parent="Collidables" instance=ExtResource("7_yb2j5")]
transform = Transform3D(17.1182, -1.44166, -0.204639, 1.45215, 17.0801, 1.14638, 0.107251, -1.15955, 17.1405, -51.1435, 8.05049, 119.896)

[node name="log" parent="Collidables" instance=ExtResource("9_khq5j")]
transform = Transform3D(-2.11037, 0, -0.734909, 0, 2.23467, 0, 0.734909, 0, -2.11037, -542.482, 6.43637, 104.825)

[node name="ship" parent="Collidables" instance=ExtResource("13_day6h")]
transform = Transform3D(3.18306, 3.25306, -5.19276, 2.01213, 4.9722, 4.34828, 5.78779, -3.51765, 1.34413, 88.9586, -63.0316, -88.5948)

[node name="Doodads" type="Node3D" parent="."]

[node name="Plant" parent="Doodads" instance=ExtResource("9_sgmh7")]
transform = Transform3D(1, 0, 0, 0, 1, 0, 0, 0, 1, 187.073, 13.2121, 63.1012)

[node name="Plant2" parent="Doodads" instance=ExtResource("9_sgmh7")]
transform = Transform3D(1.2271, 0.263178, 0, -0.263178, 1.2271, 0, 0, 0, 1.255, 216.411, 11.7044, 23.3918)

[node name="Plant3" parent="Doodads" instance=ExtResource("9_sgmh7")]
transform = Transform3D(1.59019, 0.341052, 0, -0.341052, 1.59019, 0, 0, 0, 1.62635, 276.474, 11.7044, 107.437)

[node name="Plant4" parent="Doodads" instance=ExtResource("9_sgmh7")]
transform = Transform3D(0.533752, 0.114475, -1.08646, -0.254977, 1.18886, 0, 1.06231, 0.227835, 0.545888, 272.753, 11.7044, 110.366)

[node name="Plant5" parent="Doodads" instance=ExtResource("9_sgmh7")]
transform = Transform3D(-0.0525949, -0.0112801, -0.899304, -0.299981, 0.849477, 0.00688891, 0.847876, 0.299848, -0.0533479, 265.045, 11.7044, 107.315)

[node name="Plant6" parent="Doodads" instance=ExtResource("9_sgmh7")]
transform = Transform3D(1.33498, 0.143576, 0.629545, -0.224604, 1.45878, 0.143586, -0.60539, -0.224611, 1.33497, 264.754, 3.45155, -88.0151)

[node name="Plant7" parent="Doodads" instance=ExtResource("9_sgmh7")]
transform = Transform3D(1.41739, 0.253172, -0.354978, -0.224604, 1.45878, 0.143586, 0.37371, -0.0834755, 1.43264, 269.936, 3.45155, -73.9364)

[node name="Plant8" parent="Doodads" instance=ExtResource("9_sgmh7")]
transform = Transform3D(1.81697, 0.324543, -0.455049, -0.287922, 1.87002, 0.184064, 0.479062, -0.107008, 1.83651, 275.636, 3.45155, -87.3703)

[node name="Plant9" parent="Doodads" instance=ExtResource("9_sgmh7")]
transform = Transform3D(1.81697, 0.324543, -0.455049, -0.287922, 1.87002, 0.184064, 0.479062, -0.107008, 1.83651, -262.754, -0.119525, -101.536)

[node name="Plant10" parent="Doodads" instance=ExtResource("9_sgmh7")]
transform = Transform3D(1.12288, 0.0057973, 0.567689, -0.0932939, 1.24296, 0.17184, -0.560003, -0.195446, 1.10967, -536.395, -0.119517, 36.4237)

[node name="Plant11" parent="Doodads" instance=ExtResource("9_sgmh7")]
transform = Transform3D(0.686045, -0.0505323, 0.737968, -0.0748036, 0.99661, 0.137782, -0.735907, -0.148412, 0.673961, -528.337, -0.119514, 46.577)

[node name="BubbleEmitter" parent="Doodads" instance=ExtResource("10_3y3se")]
transform = Transform3D(6.37, 0, 0, 0, 6.37, 0, 0, 0, 6.37, 188.126, 36.6059, 41.1115)

[node name="GoalManager" parent="." instance=ExtResource("5_dmtqs")]

[node name="RingGoal" parent="GoalManager" instance=ExtResource("6_ymofm")]
transform = Transform3D(0.980955, 0, 0.194234, 0, 1, 0, -0.194234, 0, 0.980955, -69.189, 30.5548, -16.9066)

[node name="RingGoal2" parent="GoalManager" instance=ExtResource("6_ymofm")]
transform = Transform3D(0.862726, 0, -0.505672, 0, 1, 0, 0.505672, 0, 0.862726, -77.9596, 30.5548, -95.2993)

[node name="RingGoal3" parent="GoalManager" instance=ExtResource("6_ymofm")]
transform = Transform3D(0.414137, 0, -0.910215, 0, 1, 0, 0.910215, 0, 0.414137, -56.2633, 30.5548, -135.941)

[node name="RingGoal4" parent="GoalManager" instance=ExtResource("6_ymofm")]
transform = Transform3D(-0.665882, 0, -0.746057, 0, 1, 0, 0.746057, 0, -0.665882, 1.01808, 22.6888, -140.741)

[node name="RingGoal5" parent="GoalManager" instance=ExtResource("6_ymofm")]
transform = Transform3D(-0.90605, 0, -0.423171, 0, 1, 0, 0.423171, 0, -0.90605, 79.4863, 31.4413, -32.8808)

[node name="RingGoal6" parent="GoalManager" instance=ExtResource("6_ymofm")]
transform = Transform3D(-0.773862, -0.27765, -0.569252, 0.0164287, 0.889688, -0.456274, 0.633141, -0.362445, -0.683934, 146.429, 42.1069, 42.233)

[node name="RingGoal7" parent="GoalManager" instance=ExtResource("6_ymofm")]
transform = Transform3D(-0.790811, 0.00357216, -0.61205, 0.0537475, 0.996525, -0.0636294, 0.609696, -0.0832149, -0.788255, 185.59, 65.4256, 82.0348)

[node name="RingGoal8" parent="GoalManager" instance=ExtResource("6_ymofm")]
transform = Transform3D(-0.465121, -0.0314023, -0.88469, 0.0537474, 0.996525, -0.0636294, 0.883614, -0.0771452, -0.461817, 225.189, 78.6304, 126.831)

[node name="RingGoal9" parent="GoalManager" instance=ExtResource("6_ymofm")]
transform = Transform3D(0.274751, -0.418855, -0.865489, 0.069939, 0.906452, -0.416477, 0.958968, 0.0538962, 0.278343, 257.044, 94.6739, 132.594)

[node name="RingGoal10" parent="GoalManager" instance=ExtResource("6_ymofm")]
transform = Transform3D(0.660715, -0.354886, -0.661446, -0.160418, 0.794066, -0.586281, 0.733294, 0.493473, 0.467722, 293.863, 117.226, 113.695)

[node name="RingGoal11" parent="GoalManager" instance=ExtResource("6_ymofm")]
transform = Transform3D(0.923023, 0.356711, -0.144175, -0.298932, 0.900808, 0.314936, 0.242215, -0.247595, 0.938098, 299.811, 117.226, 76.8833)

[node name="RingGoal12" parent="GoalManager" instance=ExtResource("6_ymofm")]
transform = Transform3D(0.923023, 0.356711, -0.144175, -0.0983547, 0.581043, 0.807908, 0.371961, -0.731538, 0.5714, 301.249, 91.6707, 39.9333)

[node name="RingGoal13" parent="GoalManager" instance=ExtResource("6_ymofm")]
transform = Transform3D(0.873873, 0.231641, 0.427421, -0.331126, 0.927324, 0.174432, -0.355951, -0.293962, 0.887065, 297.194, 74.1973, -6.3894)

[node name="RingGoal14" parent="GoalManager" instance=ExtResource("6_ymofm")]
transform = Transform3D(0.688085, 0.378718, 0.618961, -0.487872, 0.872876, 0.00827849, -0.53714, -0.307671, 0.785378, 263.195, 48.395, -58.3785)

[node name="RingGoal15" parent="GoalManager" instance=ExtResource("6_ymofm")]
transform = Transform3D(0.119982, 0.0576609, 0.9911, -0.0107621, 0.998329, -0.0567787, -0.992718, -0.00385395, 0.120402, 204.197, 27.8942, -102.758)

[node name="RingGoal16" parent="GoalManager" instance=ExtResource("6_ymofm")]
transform = Transform3D(-0.511542, 0.354892, 0.782545, 0.0568988, 0.922713, -0.381266, -0.857372, -0.150508, -0.492199, 135.537, 20.9852, -95.557)

[node name="RingGoal17" parent="GoalManager" instance=ExtResource("6_ymofm")]
transform = Transform3D(0.0863559, 0, -0.996264, 0, 1, 0, 0.996264, 0, 0.086356, -27.3246, 142.096, -90.662)

[node name="RingGoal18" parent="GoalManager" instance=ExtResource("6_ymofm")]
transform = Transform3D(0.0863559, 0, -0.996264, 0, 1, 0, 0.996264, 0, 0.086356, -303.936, 164.907, -90.662)

[node name="RingGoal19" parent="GoalManager" instance=ExtResource("6_ymofm")]
transform = Transform3D(0.0659019, -0.646231, -0.760291, 0.0558058, 0.763143, -0.643816, 0.996264, 0, 0.086356, -358.132, 141.571, -87.6163)

[node name="RingGoal20" parent="GoalManager" instance=ExtResource("6_ymofm")]
transform = Transform3D(0.0224408, -0.965646, -0.258893, 0.0833892, 0.259864, -0.962038, 0.996264, 0, 0.086356, -378.315, 110.49, -87.6163)

[node name="RingGoal21" parent="GoalManager" instance=ExtResource("6_ymofm")]
transform = Transform3D(0.0777603, -0.434933, -0.897099, 0.037559, 0.900463, -0.433308, 0.996264, -1.79866e-09, 0.086356, -415.607, 56.0999, -87.6163)

[node name="RingGoal22" parent="GoalManager" instance=ExtResource("6_ymofm")]
transform = Transform3D(0.547525, 0.167427, -0.819868, -0.154638, 0.983149, 0.0975005, 0.822376, 0.0733988, 0.564189, -505.561, 33.2879, -84.6738)

[node name="RingGoal23" parent="GoalManager" instance=ExtResource("6_ymofm")]
transform = Transform3D(0.970059, -0.0479739, -0.238082, 0.0127657, 0.989014, -0.147274, 0.242531, 0.139826, 0.960014, -548.777, 33.5817, -42.9103)

[node name="RingGoal24" parent="GoalManager" instance=ExtResource("6_ymofm")]
transform = Transform3D(0.876648, 0.0597752, 0.477404, -0.152511, 0.975607, 0.157899, -0.45632, -0.211231, 0.86438, -499.367, 22.4967, 167.579)

[node name="SpawnPositions" type="Node3D" parent="."]
transform = Transform3D(1, 0, 0, 0, 1, 0, 0, 0, 1, -51.5411, 39.2952, 171.069)

[node name="0" type="Node3D" parent="SpawnPositions" groups=["PlayerSpawnPoint"]]
transform = Transform3D(1, 0, 0, 0, 1, 0, 0, 0, 1, -6.73563, 0, 0)

[node name="Marker3D" type="Marker3D" parent="SpawnPositions/0"]
gizmo_extents = 1.66

[node name="1" type="Node3D" parent="SpawnPositions" groups=["PlayerSpawnPoint"]]
transform = Transform3D(1, 0, 0, 0, 1, 0, 0, 0, 1, -3.14027, 0, 0)

[node name="Marker3D" type="Marker3D" parent="SpawnPositions/1"]
gizmo_extents = 1.66

[node name="2" type="Node3D" parent="SpawnPositions" groups=["PlayerSpawnPoint"]]
transform = Transform3D(1, 0, 0, 0, 1, 0, 0, 0, 1, 0.881695, 0, 0)

[node name="Marker3D" type="Marker3D" parent="SpawnPositions/2"]
gizmo_extents = 1.66

[node name="3" type="Node3D" parent="SpawnPositions" groups=["PlayerSpawnPoint"]]
transform = Transform3D(1, 0, 0, 0, 1, 0, 0, 0, 1, 4.45835, 0, 0)

[node name="Marker3D" type="Marker3D" parent="SpawnPositions/3"]
gizmo_extents = 1.66

[node name="4" type="Node3D" parent="SpawnPositions" groups=["PlayerSpawnPoint"]]
transform = Transform3D(1, 0, 0, 0, 1, 0, 0, 0, 1, -6.73563, -3.99466, 0)

[node name="Marker3D" type="Marker3D" parent="SpawnPositions/4"]
gizmo_extents = 1.66

[node name="5" type="Node3D" parent="SpawnPositions" groups=["PlayerSpawnPoint"]]
transform = Transform3D(1, 0, 0, 0, 1, 0, 0, 0, 1, -3.14027, -3.99466, 0)

[node name="Marker3D" type="Marker3D" parent="SpawnPositions/5"]
gizmo_extents = 1.66

[node name="6" type="Node3D" parent="SpawnPositions" groups=["PlayerSpawnPoint"]]
transform = Transform3D(1, 0, 0, 0, 1, 0, 0, 0, 1, 0.881695, -3.99466, 0)

[node name="Marker3D" type="Marker3D" parent="SpawnPositions/6"]
gizmo_extents = 1.66

[node name="7" type="Node3D" parent="SpawnPositions" groups=["PlayerSpawnPoint"]]
transform = Transform3D(1, 0, 0, 0, 1, 0, 0, 0, 1, 4.45835, -3.99466, 0)

[node name="Marker3D" type="Marker3D" parent="SpawnPositions/7"]
gizmo_extents = 1.66

[node name="8" type="Node3D" parent="SpawnPositions" groups=["PlayerSpawnPoint"]]
transform = Transform3D(1, 0, 0, 0, 1, 0, 0, 0, 1, -6.73563, 3.89974, 0)

[node name="Marker3D" type="Marker3D" parent="SpawnPositions/8"]
gizmo_extents = 1.66

[node name="9" type="Node3D" parent="SpawnPositions" groups=["PlayerSpawnPoint"]]
transform = Transform3D(1, 0, 0, 0, 1, 0, 0, 0, 1, -3.14027, 3.89974, 0)

[node name="Marker3D" type="Marker3D" parent="SpawnPositions/9"]
gizmo_extents = 1.66

[node name="10" type="Node3D" parent="SpawnPositions" groups=["PlayerSpawnPoint"]]
transform = Transform3D(1, 0, 0, 0, 1, 0, 0, 0, 1, 0.881695, 3.89974, 0)

[node name="Marker3D" type="Marker3D" parent="SpawnPositions/10"]
gizmo_extents = 1.66

[node name="11" type="Node3D" parent="SpawnPositions" groups=["PlayerSpawnPoint"]]
transform = Transform3D(1, 0, 0, 0, 1, 0, 0, 0, 1, 4.45835, 3.89974, 0)

[node name="Marker3D" type="Marker3D" parent="SpawnPositions/11"]
gizmo_extents = 1.66

[node name="MultiplayerTemplate" parent="." node_paths=PackedStringArray("spawn_position", "goal_manager") instance=ExtResource("12_6fobl")]
spawn_position = NodePath("../SpawnPositions")
goal_manager = NodePath("../GoalManager")

[node name="WorldEnvironment" type="WorldEnvironment" parent="."]
environment = SubResource("Environment_rgnh6")
